Blood Moor ## 11 1 24 36 2.1 67 0 21.4 520 45 79
Den of Evil ## 12 1 29 36 2.6 79 12 43.5 600
Cold Plains ## 12 2 30 36 2.5 68 1 27.2 520 11 45 79
Cave Level 1 ## 24 2 44 36 2.5 77 10 39.0 600 12 46 68
Cave Level 2 ## 24 2 44 37 2.7 78 10 40.3 600 12 23 23
Burial Grounds ## 22 3 39 36 2.4 80 13 42.2 520
Crypt ## 22 3 39 37 2.6 83 15 46.1 1056 11 34 45
Mausoleum ## 22 3 39 37 2.6 85 17 48.6 1056 11 34 45
Stony Field ## 24 4 54 37 3.7 68 0 38.2 520 12 46 79
Tristram ## 56 6 58 39 2.9 76 6 35.7 520 12 34 56
Underground Passage Level 1 ## 55 4 53 37 2.6 69 1 28.0 600 12 46 68
Underground Passage Level 2 ## 55 4 53 38 2.8 83 14 46.1 600 12 23 23
Dark Wood ## 55 5 54 38 2.4 68 -1 23.0 520 12 46 79
Black Marsh ## 58 6 76 38 3.6 69 0 35.9 520 12 46 79
Hole Level 1 ## 55 5 61 38 3.0 80 11 45.5 600 12 46 68
Hole Level 2 ## 55 5 61 39 3.2 81 11 46.9 600 12 23 23
Forgotten Tower ##
Tower Cellar Level 1 ## 77 7 74 38 2.6 75 6 33.8 1024 11 23 34
Tower Cellar Level 2 ## 77 7 74 39 2.8 76 6 35.1 1024 11 23 34
Tower Cellar Level 3 ## 77 7 74 40 3.0 77 6 36.3 1024 11 23 34
Tower Cellar Level 4 ## 77 7 74 41 3.2 78 6 37.5 1024 11 23 34
Tower Cellar Level 5 ## 77 7 74 42 3.5 79 6 38.7 1024 11 23 34
Tamoe Highland ## 88 8 77 39 2.9 69 -1 26.8 520 12 46 79
Pit Level 1 ## 78 7 72 39 2.7 85 15 44.2 600 12 46 68
Pit Level 2 ## 78 7 72 40 2.9 85 14 44.2 600 12 23 23
Monastery Gate ## 88 8 76 40 3.6 70 -1 32.7 600 01 01 12
Outer Cloister ## 79 9 82 40 3.2 70 -1 29.0 600 01 12 23
Barracks ## 710 9 79 40 3.2 70 -1 29.5 680 12 45 68
Jail Level 1 ## 910 10 91 41 3.3 71 -1 29.9 680 12 45 68
Jail Level 2 ## 910 10 91 41 3.3 71 -1 29.9 680 12 45 68
Jail Level 3 ## 910 10 91 41 3.3 71 -1 29.9 680 12 45 68
Inner Cloister ## 1010 10 82 41 3.3 72 0 30.7 720 01 12 22
Cathedral ## 1011 11 92 42 3.9 72 -1 34.2 680 12 23 33
Catacombs Level 1 ## 1011 11 90 42 3.7 72 -1 32.2 680 12 45 68
Catacombs Level 2 ## 1011 11 100 42 4.0 73 0 35.9 680 12 45 68
Catacombs Level 3 ## 1212 12 140 43 5.2 73 -1 44.2 680 12 45 68
Catacombs Level 4 ## 1212 12 132 43 4.7 73 -1 40.1 680 12 45 68
Andariel 12 1.28 49 92.3 75 -5 561
Lut Gholein 9
Sewers Level 1 ## 1313 13 144 43 4.2 74 0 37.2 680 01 34 68
Sewers Level 2 10 1313 13 144 43 4.2 74 0 37.2 680 01 34 68
Sewers Level 3 ## 1314 14 118 44 4.1 75 0 35.3 680 01 34 68
Rocky Waste ## 1414 14 148 43 3.8 75 1 34.6 880 12 46 79
Stony Tomb Level 1 ## 1414 12 149 44 4.7 78 3 44.5 2200 01 34 68
Stony Tomb Level 2 ## 1414 12 149 44 4.7 79 4 45.9 2200 01 01 12
Dry Hills 11 1515 15 144 44 3.9 76 1 34.6 880 12 46 79
Halls of the Dead Level 1 ## 615 12 143 44 6.1 79 4 60.0 2200 01 34 68
Halls of the Dead Level 2 12 615 13 143 45 6.9 81 5 67.3 2200 01 34 68
Halls of the Dead Level 3 ## 615 13 143 45 6.9 82 6 69.3 2200 01 01 12
Far Oasis 13 1516 16 189 45 5.1 76 0 41.7 880 12 46 79
Maggot Lair Level 1 ## 1617 17 203 45 4.2 84 8 44.1 990 02 34 56
Maggot Lair Level 2 ## 1617 17 203 45 4.2 84 8 44.1 990 02 34 56
Maggot Lair Level 3 ## 1617 17 203 46 4.5 85 8 45.3 990 02 23 45
Lost City 14 1717 17 204 46 5.2 77 0 41.1 880 12 46 79
Ancient Tunnels ## 1718 17 217 46 5.6 85 8 57.0 680 02 34 68
Valley of Snakes ## 718 18 172 46 6.1 77 0 48.9 880 12 46 79
Claw Viper Temple Level 1 ## 718 14 172 47 6.5 82 4 57.1 2200 01 34 68
Claw Viper Temple Level 2 ## 718 14 172 47 6.5 83 5 58.8 2200 01 01 12
Harem Level 1 11 ##
Harem Level 2 11 ## 1718 13 231 47 6.2 78 0 47.9 2200
Palace Cellar Level 1 11 15 1718 13 231 47 6.2 78 0 47.9 2200 01 34 57
Palace Cellar Level 2 11 ## 1718 13 231 47 6.2 78 0 47.9 2200 01 34 57
Palace Cellar Level 3 11 ## 1718 13 231 48 6.6 78 -1 47.9 2200 01 34 57
Arcane Sanctuary 11 16 1919 14 265 48 6.7 79 0 49.5 990 01 45 79
Canyon of the Magi 13 17 1919 16 235 48 4.9 79 0 36.3 880 34 79
Tal Rasha's Tomb (each) 13 ## 1323 17 318 49 10.0 80 0 71.9 2200 02 46 79
Duriel's Lair (Tal Rasha's Chamber) 13 ## 22 17 6.01 55 148 88 915 2200 02 02
Spider Forest ## 2122 21 262 49 5.3 79 -1 36.9 650 12 46 1015
Spider Cavern ## 1922 21 302 50 5.6 79 -2 36.6 700 01 34 45
Arachnid Lair (Spider Cave) ## 1922 21 302 50 5.6 79 -2 36.6 700 01 34 45
Great Marsh ## 2122 21 325 50 7.9 80 -1 53.0 650 12 46 1015
Flayer Jungle ## 2224 22 318 50 8.4 80 -1 56.5 650 12 46 1015
Swampy Pit Level 1 ## 1924 21 294 51 7.8 80 -2 48.8 700 01 34 56
Swampy Pit Level 2 ## 1924 21 304 51 7.9 81 -1 50.8 700 01 34 55
Swampy Pit Level 3 ## 1924 21 282 51 8.0 82 0 53.0 700 01 12 23
Flayer Dungeon Level 1 ## 2224 22 299 51 9.5 81 -1 61.2 700 01 34 56
Flayer Dungeon Level 2 ## 2224 22 299 51 9.5 82 0 63.0 700 01 34 55
Flayer Dungeon Level 3 ## 2224 22 299 51 9.5 83 1 64.8 700 01 12 23
Lower Kurast ## 2022 22 322 52 6.8 80 -3 40.5 325 12 46 79
Kurast Bazaar ## 2023 22 351 52 7.2 81 -2 43.9 325 12 46 79
Ruined Temple ## 2323 23 421 53 9.4 84 0 59.2 990 12 12 22
Disused Fane ## 2323 23 421 53 9.4 84 0 59.2 990 12 12 22
Upper Kurast ## 2224 23 409 52 7.5 81 -2 45.8 325 12 46 79
Forgotten Reliquary ## 2323 23 421 53 9.4 84 0 59.2 990 12 12 22
Forgotten Temple ## 2424 24 412 54 8.5 85 0 51.8 990 12 12 22
Sewers Level 1 ## 1423 23 322 52 9.6 84 1 63.5 650 12 34 67
Sewers Level 2 ## 1424 24 358 53 10.3 85 1 66.1 650 12 34 67
Kurast Causeway ## 2424 24 459 53 8.9 81 -3 51.5 325 12 46 79
Ruined Fane ## 2424 24 412 54 8.5 85 0 51.8 990 12 12 22
Disused Reliquary ## 2424 24 412 54 8.5 85 0 51.8 990 12 12 22
Travincal ## 2324 24 451 54 10.3 82 -3 57.7 325 01 35 68
Durance of Hate Level 1 ## 2425 25 450 55 11.3 83 -3 61.2 800 12 34 57
Durance of Hate Level 2 ## 2425 25 450 55 11.3 83 -3 61.2 800 12 34 57
Durance of Hate Level 3 ## 2525 25 531 55 13.4 83 -3 72.7 800 12 34 57
Outer Steppes ## 2430 26 575 56 10.4 82 -5 51.8 800 01 56 810
Plains of Despair ## 2430 26 560 56 10.8 83 -4 55.1 800 01 56 810
City of the Damned ## 2727 27 634 57 11.6 84 -4 57.3 800 01 56 810
River of Flame ## 2432 27 778 57 12.1 85 -3 61.4 800 01 45 67
Chaos Sanctuary (Sanctum) ## 2430 28 738 58 14.4 85 -4 69.1 800 01 45 67
Bloody Foothills ## 3133 24 873 58 10.2 80 -9 42.6 650 12 35 46
Frigid Highlands ## 3138 25 2.07 59 13.3 81 -9 54.1 450 12 67 911
Abaddon (Hell1) ## 3336 39 1.77 60 15.5 81-10 59.0 800 01 12 34
Arreat Plateau ## 3334 26 1.25 60 13.9 81-10 53.2 350 12 67 911
Pit of Acheron (Hell2) ## 3536 39 1.82 61 18.0 82-10 66.9 800 01 12 34
Crystalline Passage ## 3337 29 1.90 61 15.6 82-10 58.1 700 01 45 79
Frozen River ## 3142 29 2.03 61 14.9 83 -9 56.9 800 01 34 68
Glacial Trail ## 3338 29 1.98 61 14.0 83 -9 53.5 700 01 45 79
Drifter Cavern ## 3440 29 1.83 61 14.8 84 -8 58.1 600 01 34 68
Frozen Tundra ## 3638 27 2.31 60 13.5 81-10 51.6 550 23 46 911
Infernal Pit (Hell3) ## 3637 39 1.53 62 18.8 83-10 67.9 700 01 12 34
Ancients' Way ## 3339 29 2.36 62 14.9 82-11 52.4 650 01 45 79
Icy Cellar ## 3543 29 1.98 62 15.6 83-10 56.3 650 01 34 68
Arreat Summit ## 37 37 1400 68 20M 87-12 40M 0
Nihlathaks Temple ## 4242 32 2.57 63 15.0 83-11 50.9
Halls of Anguish ## 3535 33 1.83 63 16.8 83-11 57.2 700 00 23 67
Halls of Pain ## 3540 34 1.68 64 21.4 84-11 70.6 700 00 23 67
Halls of Vaught ## 3740 36 2.13 64 17.1 84-11 56.2 700
The Worldstone Keep Level 1 ## 3442 39 1.84 65 23.5 85-11 75.2 700 00 23 68
The Worldstone Keep Level 2 ## 4041 40 3.01 65 19.1 85-11 61.0 700 00 23 68
The Worldstone Keep Level 3 ## 3843 42 2.86 66 23.0 85-12 69.7 700 00 23 68
Throne of Destruction ## 3543 43 3.13 66 26.9 85-12 81.3 700 00 12 45
